2050
700
592
499
1879
1428
950
906
596
705
1697
596
1640
1036
939
392
1644
277
703
797
1037
1043
1044
1030
1034
1134
1134
504
595
1031
828
1166
602
917
1517
1927
983
1591
1808
502
613
1714
1593
712
1145
626
1034
2946
819
622
1675
1471
1038
2191
1357
1954
1264
1022
817
1686
1244
694
937
1302
840
1378
1147
621
2176
489
1116
817
739
827
2000
1914
1254
1703
701
1358
897
1084
924
912
891
1050
818
918
1018
629
967
790
928
609
1996
926
1992
2022
839
849
499
725
802
515
1310
1874
1358
842
1595
1477
2549
1036
1967
1875
831
1483
734
507
1487
849
1534
1515
1258
1388
1481
820
832
1033
721
1356
620
607
1119
1150
618
819
718
505
1370
632
1127
511
2359
1651
1487
1139
847
2101
1484
914
537
2217
386
497
1655
1576
752
633
709
1059
1149
1294
892
1161
839
1883
2642
1438
891
791
702
939
600
801
1706
824
806
717
1707
1067
491
1498
595
710
683
811
720
1035
587
927
741
932
1237
1688
375
825
902
518
713
612
1428
710
510
735
736
1053
496
532
824
824
505
1272
506
1173
927
1022
692
930
602
613
494
827
1792
944
519
505
829
1260
527
954
398
1269
1089
978
1024
1126
1169
1134
987
864
964
2121
678
602
967
1296
1231
918
1173
515
840
735
521
749
631
945
1650
2604
863
1171
504
633
401
1403
629
1044
1608
957
1659
845
1623
2102
1384
716
484
1031
1421
1581
1928
703
525
951
1323
801
1225
1170
1363
2172
1732
1483
395
1135
1050
909
1815
1363
918
1940
505
1031
1239
706
398
484
1350
713
645
1541
590
1717
913
2675
696
719
720
1178
2162
1367
492
716
502
604
1044
737
1885
936
825
1698
720
2140
2214
2180
589
603
2136
953
1061
1395
1043
938
1215
1394
1922
3358
809
924
1037
636
623
1367
1030
2169
1617
812
496
719
1384
1394
843
509
845
730
603
1599
973
689
1771
600
573
578
494
1223
1004
1003
796
1392
949
1700
1467
1247
1037
856
618
961
738
873
1536
1512
1601
1834
1036
386
1163
1164
1114
1082
1989
1813
705
1750
1432
3383
730
1500
516
1258
1064
690
472
886
1217
808
2102
1586
1356
801
1205
1016
1344
905
1391
614
902
1823
1451
810
622
2778
1380
801
830
1378
1332
2489
1167
1109
1004
1326
1214
1943
681
1149
1352
1699
1601
1025
1695
1628
815
619
2303
1179
605
384
496
1173
395
1415
1058
1149
1578
1341
848
1929
1593
1262
837
1245
1238
1663
1813
1688
1130
1155
1058
1032
1732
1259
720
1168
940
1142
1147
1128
582
714
1439
2595
1261
924
1282
1504
1251
1362
1016
728
685
937
2514
1390
845
910
1419
947
833
1033
2190
1587
1993
1019
1833
1057
1913
2463
1613
750
711
856
718
1023
513
1301
1252
1412
1575
593
934
1100
1364
1255
1382
1247
1690
2024
2127
919
1199
1586
1748
1487
1076
2071
651
1036
632
827
516
1673
1199
1183
1148
1399
1627
1167
1966
1367
1586
1595
850
922
726
1883
734
1486
1778
762
380
1475
832
1412
507
1490
716
614
1268
1274
1518
1046
701
1565
1146
1615
1385
2011
620
418
863
2125
819
604
948
1069
848
944
2811
1017
2036
1552
1922
