-988
362
470
563
-817
-366
112
156
466
357
-635
466
-578
26
123
670
-582
785
359
265
25
19
18
32
28
-72
-72
558
467
31
234
-104
460
145
-455
-865
79
-529
-746
560
449
-652
-531
350
-83
436
28
-1884
243
440
-613
-409
24
-1129
-295
-892
-202
40
245
-624
-182
368
125
-240
222
-316
-85
441
-1114
573
-54
245
323
235
-938
-852
-192
-641
361
-296
165
-22
138
150
171
12
244
144
44
433
95
272
134
453
-934
136
-930
-960
223
213
563
337
260
547
-248
-812
-296
220
-533
-415
-1487
26
-905
-813
231
-421
328
555
-425
213
-472
-453
-196
-326
-419
242
230
29
341
-294
442
455
-57
-88
444
243
344
557
-308
430
-65
551
-1297
-589
-425
-77
215
-1039
-422
148
525
-1155
676
565
-593
-514
310
429
353
3
-87
-232
170
-99
223
-821
-1580
-376
171
271
360
123
462
261
-644
238
256
345
-645
-5
571
-436
467
352
379
251
342
27
475
135
321
130
-175
-626
687
237
160
544
349
450
-366
352
552
327
326
9
566
530
238
238
557
-210
556
-111
135
40
370
132
460
449
568
235
-730
118
543
557
233
-198
535
108
664
-207
-27
84
38
-64
-107
-72
75
198
98
-1059
384
460
95
-234
-169
144
-111
547
222
327
541
313
431
117
-588
-1542
199
-109
558
429
661
-341
433
18
-546
105
-597
217
-561
-1040
-322
346
578
31
-359
-519
-866
359
537
111
-261
261
-163
-108
-301
-1110
-670
-421
667
-73
12
153
-753
-301
144
-878
557
31
-177
356
664
578
-288
349
417
-479
472
-655
149
-1613
366
343
342
-116
-1100
-305
570
346
560
458
18
325
-823
126
237
-636
342
-1078
-1152
-1118
473
459
-1074
109
1
-333
19
124
-153
-332
-860
-2296
253
138
25
426
439
-305
32
-1107
-555
250
566
343
-322
-332
219
553
217
332
459
-537
89
373
-709
462
489
484
568
-161
58
59
266
-330
113
-638
-405
-185
25
206
444
101
324
189
-474
-450
-539
-772
26
676
-101
-102
-52
-20
-927
-751
357
-688
-370
-2321
332
-438
546
-196
-2
372
590
176
-155
254
-1040
-524
-294
261
-143
46
-282
157
-329
448
160
-761
-389
252
440
-1716
-318
261
232
-316
-270
-1427
-105
-47
58
-264
-152
-881
381
-87
-290
-637
-539
37
-633
-566
247
443
-1241
-117
457
678
566
-111
667
-353
4
-87
-516
-279
214
-867
-531
-200
225
-183
-176
-601
-751
-626
-68
-93
4
30
-670
-197
342
-106
122
-80
-85
-66
480
348
-377
-1533
-199
138
-220
-442
-189
-300
46
334
377
125
-1452
-328
217
152
-357
115
229
29
-1128
-525
-931
43
-771
5
-851
-1401
-551
312
351
206
344
39
549
-239
-190
-350
-513
469
128
-38
-302
-193
-320
-185
-628
-962
-1065
143
-137
-524
-686
-425
-14
-1009
411
26
430
235
546
-611
-137
-121
-86
-337
-565
-105
-904
-305
-524
-533
212
140
336
-821
328
-424
-716
300
682
-413
230
-350
555
-428
346
448
-206
-212
-456
16
361
-503
-84
-553
-323
-949
442
644
199
-1063
243
458
114
-7
214
118
-1749
45
-974
-490
-860
